32
32
0.080896
32.000000
32.000000
0.076800
32.000000
32.000000
0.074752
64
64
0.148480
64.000000
64.000000
0.144384
64.000000
64.000000
0.144384
128
128
0.287744
128.000000
128.000000
0.285376
128.000000
128.000000
0.284672
256
256
0.781312
256.000000
256.000000
0.782688
256.000000
256.000000
0.762880
512
512
6.198272
512.000000
512.000000
6.205344
512.000000
512.000000
6.437888
1024
1024
50.081570
1024.000000
1024.000000
49.997665
1024.000000
1024.000000
47.928288
2048
2048
338.850708
2048.000000
2048.000000
339.947510
2048.000000
2048.000000
324.581390
