32
32
0.012288
32.000000
32.000000
0.008192
32.000000
32.000000
0.011264
64
64
0.013056
64.000000
64.000000
0.009216
64.000000
64.000000
0.018176
128
128
0.018304
128.000000
128.000000
0.019456
128.000000
128.000000
0.031744
256
256
0.072704
256.000000
256.000000
0.072704
256.000000
256.000000
0.217088
512
512
0.509952
512.000000
512.000000
0.508928
512.000000
512.000000
1.594368
1024
1024
3.953888
1024.000000
1024.000000
4.831616
1024.000000
1024.000000
12.496896
2048
2048
31.675615
2048.000000
2048.000000
31.370432
2048.000000
2048.000000
96.992256
4096
4096
211.548157
4096.000000
4096.000000
211.579910
4096.000000
4096.000000
676.895081
8192
8192
1699.502075
8192.000000
8192.000000
1700.619263
8192.000000
8192.000000
5383.129395
16384
16384
13672.214844
16384.000000
16384.000000
13684.394531
16384.000000
16384.000000
43260.269531
