44.000000
36.000000
51.524513
44.000000
36.000000
28.297829
44.000000
36.000000
19.073656
44.000000
36.000000
16.840396
44.000000
36.000000
13.285558
44.000000
36.000000
11.297357
44.000000
36.000000
9.972637
44.000000
36.000000
8.714370
44.000000
36.000000
7.951510
44.000000
36.000000
11.372889
44.000000
36.000000
11.213844
44.000000
36.000000
11.088892
44.000000
36.000000
9.836680
44.000000
36.000000
9.396395
44.000000
36.000000
9.093162
44.000000
36.000000
8.377369
44.000000
36.000000
7.669243
44.000000
36.000000
7.895431
44.000000
36.000000
7.256615
44.000000
36.000000
6.993154
