10.240139
10.240139
1112.971528
10.240139
10.240139
591.831284
10.240139
10.240139
396.807426
10.240139
10.240139
331.712223
10.240139
10.240139
257.638467
10.240139
10.240139
230.252290
10.240139
10.240139
184.246115
10.240139
10.240139
161.877880
10.240139
10.240139
144.554668
10.240139
10.240139
145.213012
10.240139
10.240139
197.761805
10.240139
10.240139
182.894745
10.240139
10.240139
173.325174
10.240139
10.240139
163.978208
10.240139
10.240139
156.838296
10.240139
10.240139
143.789435
10.240139
10.240139
138.189893
10.240139
10.240139
131.187810
10.240139
10.240139
124.070209
10.240139
10.240139
118.715097
