0 0 0 0 0 0 0 0 0 0 0 0 0 0 0 0 0 0 0 0 0 0 0 0 0 0 0 0 0 0 0 0 0 2 
0 0 0 0 0 0 0 0 0 0 0 0 0 0 0 0 0 0 0 0 0 0 0 0 0 0 0 0 0 0 0 0 0 2 
0.00212901 -0.00109807 -0.0047455 -0.00837531 -0.0118034 -0.0149403 -0.0177764 -0.0202952 -0.0224754 -0.0242899 -0.0257091 -0.0267034 -0.0272464 -0.0273178 -0.0269068 -0.0260153 -0.0246604 -0.0228759 -0.0207138 -0.0182439 -0.015553 -0.0127428 -0.00992848 -0.00723662 -0.00480369 -0.00277279 -0.0012804 -0.000400618 6.6373e-05 0.00154023 0.010035 0.0634253 0.274695 1.72615 
0.00481699 -0.00360392 -0.00983616 -0.0158884 -0.0216285 -0.026942 -0.0317552 -0.0360341 -0.039746 -0.0428564 -0.0453277 -0.0471213 -0.0482006 -0.0485355 -0.0481061 -0.0469079 -0.0449555 -0.0422861 -0.0389613 -0.0350683 -0.0307186 -0.0260455 -0.0212 -0.0163441 -0.0116381 -0.00721386 -0.00310364 0.000967027 0.00626673 0.0171881 0.0509451 0.157694 0.59088 1.41107 
0.00624892 -0.00499245 -0.0142796 -0.0225492 -0.0302386 -0.0372893 -0.043665 -0.0493326 -0.0542611 -0.0584151 -0.0617544 -0.0642351 -0.065813 -0.0664482 -0.0661108 -0.0647862 -0.0624809 -0.0592264 -0.055083 -0.0501394 -0.0445124 -0.0383409 -0.0317777 -0.0249725 -0.018041 -0.0109971 -0.00359174 0.00511985 0.0179775 0.0435632 0.105842 0.279009 0.674555 1.32833 
0.00752078 -0.00628676 -0.0180833 -0.0284417 -0.0378639 -0.046421 -0.0541226 -0.0609632 -0.0669234 -0.0719725 -0.076069 -0.0791633 -0.0812017 -0.0821323 -0.0819117 -0.0805127 -0.0779307 -0.0741892 -0.069343 -0.0634783 -0.0567096 -0.0491699 -0.0409947 -0.0322915 -0.0230815 -0.0131794 -0.00191714 0.0125231 0.0348568 0.0769408 0.168771 0.368498 0.75868 1.24482 
0.00855511 -0.00738607 -0.021439 -0.0337115 -0.0447455 -0.0546829 -0.0635897 -0.0714934 -0.078393 -0.0842646 -0.0890646 -0.0927346 -0.0952071 -0.0964134 -0.0962929 -0.0948018 -0.0919224 -0.0876691 -0.0820918 -0.075275 -0.0673309 -0.0583847 -0.0485474 -0.0378683 -0.0262446 -0.0132392 0.00230822 0.0231639 0.0556724 0.11416 0.227467 0.444775 0.793089 1.21089 
0.00946641 -0.00839247 -0.0244649 -0.0385099 -0.0510508 -0.0622867 -0.0723298 -0.0812413 -0.0890394 -0.0957063 -0.101194 -0.105431 -0.10833 -0.109799 -0.109755 -0.108134 -0.1049 -0.100059 -0.093656 -0.0857767 -0.0765341 -0.0660479 -0.0544047 -0.0415901 -0.0273632 -0.0110147 0.00912224 0.0366729 0.0792499 0.151875 0.281352 0.500348 0.824429 1.17988 
0.0102948 -0.0093387 -0.0272527 -0.0429314 -0.0568794 -0.0693408 -0.0804691 -0.0903563 -0.099038 -0.1065 -0.112686 -0.117506 -0.120845 -0.122583 -0.122606 -0.120822 -0.117175 -0.111659 -0.104316 -0.095234 -0.0845318 -0.0723282 -0.0586893 -0.0435392 -0.0264999 -0.00659702 0.018295 0.052496 0.104312 0.188623 0.327802 0.545954 0.842364 1.16219 
0.0110673 -0.0102459 -0.0298408 -0.0470143 -0.0622599 -0.0758674 -0.0880293 -0.098866 -0.108428 -0.116702 -0.123617 -0.129058 -0.132877 -0.134915 -0.135018 -0.13306 -0.128961 -0.122697 -0.114307 -0.103884 -0.0915577 -0.0774513 -0.0616177 -0.0439273 -0.0238779 -0.000261919 0.0294226 0.0699636 0.129938 0.223202 0.368549 0.581413 0.857881 1.14684 
0.011785 -0.0111102 -0.032224 -0.0507407 -0.0671586 -0.0818187 -0.0949539 -0.106712 -0.117156 -0.126269 -0.133961 -0.140084 -0.144449 -0.146848 -0.147077 -0.144968 -0.140406 -0.133349 -0.123829 -0.11195 -0.0978529 -0.0816753 -0.0634648 -0.0430506 -0.0198289 0.00759576 0.0419967 0.0884254 0.155343 0.255399 0.403717 0.610998 0.868923 1.1359 
0.0124322 -0.0119108 -0.0343598 -0.0540468 -0.0714914 -0.0870938 -0.10113 -0.113776 -0.125105 -0.135093 -0.143627 -0.150518 -0.155524 -0.158377 -0.158815 -0.156614 -0.151617 -0.143757 -0.133062 -0.119642 -0.103662 -0.0852774 -0.0645417 -0.041259 -0.0147506 0.0165132 0.0554753 0.107265 0.180015 0.284996 0.434571 0.635345 0.8784 1.12648 
0.01298 -0.0126141 -0.0361787 -0.0568349 -0.0751379 -0.0915543 -0.106407 -0.1199 -0.132117 -0.143025 -0.15248 -0.160245 -0.166017 -0.169455 -0.170223 -0.16803 -0.162669 -0.154041 -0.142165 -0.127164 -0.10923 -0.0885445 -0.0651804 -0.0389327 -0.00907643 0.026 0.0693154 0.125942 0.203532 0.312082 0.461542 0.656101 0.885961 1.11892 
0.0133922 -0.0131792 -0.0375942 -0.0589869 -0.0779564 -0.0950404 -0.110611 -0.124902 -0.138007 -0.149882 -0.160349 -0.169116 -0.175806 -0.179992 -0.181251 -0.179212 -0.173603 -0.164287 -0.151274 -0.134702 -0.114792 -0.0917654 -0.0657219 -0.0364657 -0.00325332 0.0355609 0.0829961 0.143964 0.225583 0.336642 0.485262 0.673702 0.892429 1.11242 
0.0136293 -0.0135625 -0.0385144 -0.0603781 -0.0797992 -0.0973863 -0.113561 -0.128589 -0.142574 -0.15546 -0.167033 -0.176941 -0.184721 -0.18985 -0.1918 -0.190103 -0.184413 -0.174546 -0.160497 -0.142421 -0.120573 -0.0952217 -0.066506 -0.034254 0.00227122 0.0447092 0.096019 0.160889 0.245868 0.358693 0.505964 0.688743 0.897741 1.10703 
0.0136533 -0.0137226 -0.0388516 -0.0608916 -0.080528 -0.0984352 -0.115083 -0.130767 -0.145607 -0.159534 -0.172299 -0.183485 -0.192539 -0.198826 -0.201699 -0.20058 -0.195032 -0.184812 -0.169896 -0.150451 -0.126774 -0.0991819 -0.0678649 -0.0326886 0.00705573 0.0529687 0.107905 0.176285 0.264102 0.378147 0.523843 0.701377 0.902098 1.10257 
0.0134319 -0.0136245 -0.0385334 -0.0604313 -0.0800288 -0.0980549 -0.115022 -0.131258 -0.146896 -0.161864 -0.175881 -0.188465 -0.19897 -0.206641 -0.2107 -0.21044 -0.205317 -0.195016 -0.17948 -0.158886 -0.133567 -0.103896 -0.0701186 -0.0321519 0.0106667 0.0598722 0.118183 0.189729 0.279964 0.394858 0.538884 0.711719 0.905435 1.09909 
0.012943 -0.0132445 -0.0375122 -0.0589354 -0.0782268 -0.0961527 -0.11326 -0.129905 -0.146243 -0.162204 -0.177483 -0.191545 -0.203652 -0.212929 -0.218456 -0.219382 -0.215036 -0.205011 -0.189199 -0.167771 -0.141092 -0.109589 -0.0735709 -0.0330149 0.0126784 0.0649571 0.12638 0.200778 0.293094 0.408583 0.550983 0.719691 0.907731 1.09663 
0.012178 -0.0125738 -0.0357739 -0.0563877 -0.0750993 -0.0926896 -0.109727 -0.126597 -0.143478 -0.160315 -0.176797 -0.19235 -0.206161 -0.217239 -0.224522 -0.227001 -0.223858 -0.214561 -0.198926 -0.177094 -0.149445 -0.116457 -0.0785035 -0.0356341 0.012673 0.0677608 0.132014 0.208962 0.303076 0.418998 0.559902 0.725144 0.908869 1.09529 
0.0111457 -0.0116215 -0.0333442 -0.0528258 -0.0706861 -0.0876935 -0.104424 -0.121284 -0.138483 -0.155996 -0.173526 -0.190489 -0.206023 -0.219044 -0.228354 -0.232782 -0.231333 -0.223319 -0.208435 -0.186757 -0.158656 -0.124644 -0.085163 -0.0403429 0.0102441 0.0678193 0.134583 0.213771 0.309428 0.425679 0.565304 0.727817 0.90872 1.09522 
0.00987314 -0.0104158 -0.0302918 -0.0483461 -0.0650963 -0.0812688 -0.0974286 -0.113997 -0.131219 -0.149112 -0.167423 -0.185594 -0.202755 -0.217767 -0.229323 -0.236088 -0.236872 -0.230788 -0.217358 -0.196538 -0.168648 -0.134213 -0.0937347 -0.0474338 0.00500667 0.0646701 0.133565 0.21465 0.311592 0.428107 0.566738 0.727371 0.90711 1.09658 
0.00840644 -0.00900408 -0.026728 -0.0431031 -0.0585094 -0.0736018 -0.0889145 -0.104874 -0.121757 -0.139641 -0.158345 -0.177377 -0.195917 -0.212826 -0.226733 -0.236163 -0.239721 -0.23628 -0.225123 -0.20602 -0.179176 -0.145088 -0.1043 -0.0571278 -0.00338279 0.0578627 0.128421 0.210991 0.30893 0.425656 0.563645 0.723371 0.903835 1.09959 
0.00680808 -0.00745027 -0.0228012 -0.0373032 -0.0511697 -0.0649574 -0.0791495 -0.0941628 -0.110304 -0.127715 -0.146308 -0.165704 -0.18519 -0.203702 -0.219876 -0.232149 -0.238941 -0.238854 -0.230877 -0.2145 -0.189732 -0.15697 -0.116767 -0.0695234 -0.015192 0.0469795 0.1186 0.202139 0.300714 0.417579 0.555333 0.715279 0.898646 1.1045 
0.00515322 -0.00583042 -0.0186875 -0.0311926 -0.0433736 -0.0556685 -0.0684908 -0.082232 -0.0972167 -0.113648 -0.131543 -0.150669 -0.170474 -0.190051 -0.208134 -0.223166 -0.233439 -0.237306 -0.233411 -0.220884 -0.199422 -0.169223 -0.13077 -0.0845163 -0.030555 0.0316744 0.10357 0.187398 0.286123 0.402993 0.540957 0.702423 0.891237 1.1116 
0.00352411 -0.00422705 -0.0145788 -0.0250408 -0.0354507 -0.0461154 -0.0573653 -0.0695497 -0.0829941 -0.0979491 -0.114532 -0.132663 -0.151994 -0.17184 -0.191139 -0.208461 -0.222091 -0.230213 -0.231144 -0.223593 -0.206829 -0.180706 -0.145511 -0.101666 -0.0493707 0.0117424 0.0828527 0.166049 0.26424 0.380853 0.519466 0.68394 0.881205 1.12132 
0.00200398 -0.00272278 -0.0106681 -0.019121 -0.0277397 -0.0366994 -0.0462395 -0.0566538 -0.068249 -0.0812999 -0.096001 -0.112411 -0.130385 -0.149502 -0.168986 -0.187667 -0.203993 -0.216142 -0.222224 -0.220548 -0.209877 -0.189565 -0.159517 -0.119967 -0.0711141 -0.0127425 0.0561186 0.137404 0.234061 0.349914 0.489525 0.65867 0.867988 1.13422 
0.000671024 -0.00139429 -0.00713522 -0.0136898 -0.0205636 -0.0278113 -0.0355823 -0.0441068 -0.0536547 -0.0644978 -0.0768721 -0.090936 -0.106716 -0.124039 -0.14245 -0.161134 -0.178875 -0.194076 -0.204872 -0.209351 -0.205816 -0.193027 -0.170309 -0.13746 -0.0944731 -0.0411376 0.0233815 0.10091 0.194526 0.308687 0.449389 0.624973 0.85072 1.15116 
-0.000406702 -0.000307106 -0.00413441 -0.0089686 -0.0142055 -0.0198015 -0.0258268 -0.0324464 -0.0398809 -0.0483744 -0.0581664 -0.0694638 -0.0824036 -0.0970016 -0.113083 -0.130205 -0.147586 -0.164058 -0.178093 -0.187888 -0.191563 -0.187401 -0.174061 -0.150668 -0.116688 -0.0716174 -0.0145308 0.0564401 0.144638 0.255404 0.396708 0.580416 0.827923 1.17364 
-0.00117529 0.000488184 -0.0017829 -0.00512763 -0.00888834 -0.0129553 -0.0173374 -0.022141 -0.0275322 -0.0337099 -0.0408853 -0.0492655 -0.0590308 -0.0703018 -0.0830922 -0.0972502 -0.112396 -0.127868 -0.142682 -0.155527 -0.164812 -0.168786 -0.165723 -0.15408 -0.132564 -0.0999827 -0.0548702 0.00509287 0.083879 0.188085 0.328286 0.52127 0.79679 1.20445 
-0.00159851 0.00095936 -0.000151715 -0.00227284 -0.00475966 -0.00747388 -0.0103871 -0.0135586 -0.0171022 -0.0211632 -0.0259051 -0.0314999 -0.0381173 -0.0459058 -0.0549635 -0.0653016 -0.0768069 -0.0892085 -0.102049 -0.114654 -0.12611 -0.135243 -0.140647 -0.14074 -0.133804 -0.117922 -0.0906961 -0.0486635 0.0136237 0.105063 0.239871 0.441821 0.751469 1.24948 
-0.00166101 0.00109551 0.000743712 -0.000435346 -0.00188087 -0.00346454 -0.00514549 -0.00695097 -0.00894936 -0.0112329 -0.0139094 -0.0170988 -0.0209287 -0.0255246 -0.0309928 -0.0373981 -0.0447422 -0.0529516 -0.0618749 -0.0712863 -0.0808824 -0.090269 -0.0989362 -0.106218 -0.111206 -0.112506 -0.107695 -0.0922961 -0.0582347 0.00786475 0.126654 0.333034 0.678966 1.32172 
-0.00137926 0.000917647 0.00095612 0.00043862 -0.000222252 -0.000939562 -0.00168158 -0.00245785 -0.00330117 -0.00425732 -0.00538183 -0.00674007 -0.00840707 -0.0104636 -0.0129863 -0.0160329 -0.0196287 -0.0237587 -0.0283733 -0.0334037 -0.0387846 -0.0444833 -0.0505425 -0.0571603 -0.0647985 -0.0742443 -0.0861924 -0.0995773 -0.107437 -0.0895971 -0.0107847 0.193657 0.549091 1.45142 
-0.000779423 0.000465637 0.000601648 0.000490286 0.000345527 0.00019764 5.71959e-05 -7.74425e-05 -0.000213896 -0.000362956 -0.000539002 -0.000761849 -0.00105832 -0.00146161 -0.00200688 -0.00272344 -0.00362597 -0.00470882 -0.00594682 -0.00730286 -0.00873931 -0.0102293 -0.0117723 -0.0134349 -0.0155097 -0.0189265 -0.0263061 -0.0428973 -0.0764174 -0.124337 -0.15747 -0.063668 0.314019 1.68634 
0 0 0 0 0 0 0 0 0 0 0 0 0 0 0 0 0 0 0 0 0 0 0 0 0 0 0 0 0 0 0 0 0 2 
