670.643250
2.662486
1578.056763
7.328091
670.644043
1.499366
1578.031494
4.435535
670.644958
1.275009
1578.012085
3.173224
670.654358
1.344255
1578.055420
2.635575
670.663635
1.424391
1578.049561
2.358566
670.658081
1.330459
1578.049072
2.315751
670.668213
1.406918
1578.040771
2.193140
670.663330
1.670518
1578.035645
2.376610
670.660339
1.419363
1578.040283
2.140563
670.666382
1.580776
1578.077393
2.289318
670.668152
1.636722
1578.060547
2.332722
670.660645
1.643266
1578.024170
2.325377
670.664917
1.804711
1578.059326
2.374495
670.670471
1.777250
1578.098999
2.339125
670.658203
1.752568
1578.047485
2.337399
670.664429
1.832283
1578.062622
2.385657
670.661499
1.889481
1578.063354
2.418325
670.662476
2.163747
1578.071167
2.468784
670.659912
2.246083
1578.060791
2.689880
670.665344
2.050223
1578.062500
2.653120

