0.680375
0.366518
1.632220
0.278739
1.066021
0.438548
2.057522
0.297431
1.234227
0.465008
3.426768
0.280437
3.871218
0.492710
0.762017
0.289013
0.490593
0.391216
2.450853
0.288792
2.225574
0.421640
10.011739
0.488825
10.478405
0.481666
11.706444
0.304142
11.206902
0.528319
10.101886
0.277752
9.640430
0.495596
13.825095
0.282936
13.722212
0.412761
5.796519
0.343284
6.436244
0.481155
3.424315
0.310865
4.163991
0.442403
-13.281256
0.319792
-13.582691
0.477364
-96.760040
0.301814
-96.997307
0.420974
-106.838234
0.302426
-106.015533
0.441872
-116.987457
0.309280
-117.562744
0.651447
-50.586555
0.310586
-51.137924
0.582567
4.355713
0.364389
3.409798
0.616594
136.621521
0.338903
137.096054
0.515191
-5.173828
0.389032
-5.550018
0.730243
-265.813232
0.467507
-265.585693
0.608082
76.050842
0.643463
76.457886
0.839779
507.376160
1.072768
506.765411
1.279623
953.243408
2.035490
952.765991
1.972859
156.752625
3.400599
156.001099
3.451826
2758.954590
6.153720
2759.825684
5.859382
2889.920410
11.094382
